//战士技能
//焚月斩
30001	490000	0	0	0	0
30002	0	0	0	0	0

30000	30001	30002	1510	0	LearnMaigic 20 1017 0 0

//风斩
30010	30001	30002	1510	0	LearnMagic 20 1000 0 0
//战魂
30020	30001	30002	1510	0	LearnMagic 20 1001 0 0
//旋风斩
30030	30001	30002	1510	0	LearnMagic 20 1002 0 0
//引诱
30040	30001	30002	1510	0	LearnMagic 20 1003 0 0
//剑气斩
30050	30001	30002	1510	0	LearnMagic 20 1004 0 0
//四连斩
30060	30001	30002	1510	0	LearnMagic 20 1005 0 0
//爆炎斩
30070	30001	30002	1510	0	LearnMagic 20 1006 0 0
//飞天斩
30080	30001	30002	1510	0	LearnMagic 20 1007 0 0
//星魔剑
30090	30001	30002	1510	0	LearnMagic 20 1008 0 0
//六连斩
30100	30001	30002	1510	0	LearnMagic 20 1009 0 0
//飞天连斩
30110	30001	30002	1510	0	LearnMagic 20 1010 0 0

//法师技能书
//风珠
30120	30001	30002	1510	0	LearnMagic 10 3000 0 0
//霹雳弹
30130	30001	30002	1510	0	LearnMagic 10 3001 0 0
//光辉光环
30140	30001	30002	1510	0	LearnMagic 10 4200 0 0
//灵魂净化
30150	30001	30002	1510	0	LearnMagic 10 4201 0 0
//诱捕陷阱
30160	30001	30002	1510	0	LearnMagic 10 4202 0 0
//火球术
30170	30001	30002	1510	0	LearnMagic 10 3002 0 0
//潜行
30180	30001	30002	1510	0	LearnMagic 10 3003 0 0
//霹雳火
30190	30001	30002	1510	0	LearnMagic 10 3004 0 0
//火旋风
30200	30001	30002	1510	0	LearnMagic 10 3005 0 0
//雷霆万钧
30210	30001	30002	1510	0	LearnMagic 10 3021 0 0
//电击术
30220	30001	30002	1510	0	LearnMagic 10 3006 0 0
//伤害平分
30230	30001	30002	1510	0	LearnMagic 10 3007 0 0
//收魂术
30240	30001	30002	1510	0	LearnMagic 20 3008 0 0
//幽冥鬼火
30250	30001	30002	1510	0	LearnMagic 20 3009 0 0
//隐身
30260	30001	30002	1510	0	LearnMagic 20 3010 0 0
//爆雷术
30270	30001	30002	1510	0	LearnMagic 20 3011 0 0
//伤害转移
30280	30001	30002	1510	0	LearnMagic 20 3012 0 0

//异能者技能书
//死亡旋舞
30300	30001	30002	1510	0	LearnMagic 30 2021 0 0
//破空斩
30310	30001	30002	1510	0	LearnMagic 30 2023 0 0
//神罚
30320	30001	30002	1510	0	LearnMagic 30 2026 0 0
//幻影诅咒・暗
30330	30001	30002	1510	0	LearnMagic 30 2013 0 0
//光芒之刃
30340	30001	30002	1510	0	LearnMagic 30 2030 0 0
//暗影诅咒
30350	30001	30002	1510	0	LearnMagic 30 2018 0 0
//生命祈祷
30360	30001	30002	1510	0	LearnMagic 30 2006 0 0
//重力束缚
30370	30001	30002	1510	0	LearnMagic 30 2017 0 0
//元素絮乱
30380	30001	30002	1510	0	LearnMagic 30 2019 0 0
//虚弱诅咒
30390	30001	30002	1510	0	LearnMagic 30 2012 0 0
//坐骑禁锢
30400	30001	30002	1510	0	LearnMagic 30 2008 0 0
//死神裁决
30410	30001	30002	1510	0	LearnMagic 30 2029 0 0
//神圣复苏
30420	30001	30002	1510	0	LearnMagic 30 2007 0 0
//幻影诅咒・影
30430	30001	30002	1510	0	LearnMagic 30 2014 0 0
//幻影诅咒・魅
30440	30001	30002	1510	0	LearnMagic 30 2015 0 0
//幻影诅咒・魇
30450	30001	30002	1510	0	LearnMagic 30 2016 0 0
//血族技能书
//迷心术
30500	30001	30002	1510	0	LearnMagic 50 7001 0 0
//炼血化灵
30510	30001	30002	1510	0	LearnMagic 50 7006 0 0
//血袭
30520	30001	30002	1510	0	LearnMagic 50 7007 0 0
//瞬影击
30530	30001	30002	1510	0	LearnMagic 50 7009 0 0
//幻影神术
30540	30001	30002	1510	0	LearnMagic 50 7002 0 0
//幻影移行
//30550	30001	30002	1510	0	LearnMagic 50 2016 0 0
//血翼天袭
30560	30001	30002	1510	0	LearnMagic 50 7012 0 0
//血域风暴
30570	30001	30002	1510	0	LearnMagic 50 7015 0 0
//血舞影煞
30580	30001	30002	1510	0	LearnMagic 50 7013 0 0
//真视打击
30590	30001	30002	1510	0	LearnMagic 50 7003 0 0
//血影千幻
30600	30001	30002	1510	0	LearnMagic 50 7010 0 0
//血影轮回
30610	30001	30002	1510	0	LearnMagic 50 7011 0 0
//亡灵巫师技能书
//暗沙邪龙
30700	30001	30002	1510	0	LearnMagic 60 6000 0 0
//召唤巫环
30710	30001	30002	1510	0	LearnMagic 60 6040 0 0
//永夜极爆
30720	30001	30002	1510	0	LearnMagic 60 6010 0 0
//亡念巫灵
30730	30001	30002	1510	0	LearnMagic 60 6004 0 0
//降灵咒雨
30740	30001	30002	1510	0	LearnMagic 60 6011 0 0
//冥国圣女
30750	30001	30002	1510	0	LearnMagic 60 6002 0 0
//黑龙舞
30760	30001	30002	1510	0	LearnMagic 60 6008 0 0
//破灵咒
30770	30001	30002	1510	0	LearnMagic 60 6045 0 0
//噬魂咒
30780	30001	30002	1510	0	LearnMagic 60 6006 0 0
//亡轮咒
30790	30001	30002	1510	0	LearnMagic 60 6007 0 0
//黑龙舞
30800	30001	30002	1510	0	LearnMagic 60 6008 0 0
//裂魂闪
30810	30001	30002	1510	0	LearnMagic 60 6009 0 0
//暗黑龙骑技能
//焰魂枪・断空
30900	30001	30002	1510	0	LearnMagic 70 5215 0 0
//碎星钻
30910	30001	30002	1510	0	LearnMagic 70 5223 0 0
//焰魂枪・幻灭
30920	30001	30002	1510	0	LearnMagic 70 5216 0 0
//炽链陨灭
30930	30001	30002	1510	0	LearnMagic 70 5241 0 0
//骑士团守护
30940	30001	30002	1510	0	LearnMagic 70 5211 0 0
//灭世审判
30950	30001	30002	1510	0	LearnMagic 70 5245 0 0
//龙枪猎魂
30960	30001	30002	1510	0	LearnMagic 70 5212 0 0
//龙枪葬魂
30970	30001	30002	1510	0	LearnMagic 70 5213 0 0


