220	221	0	101	0	    宝石可不仅仅是装饰品，更作装备和武器的提
221	222	0	101	0	升用途。作为大陆首屈一指的宝石融合师，我毕生追
222	223	0	101	0	求的便是将宝石镶嵌在最能体现它价值的地方！而我
223	224	0	101	0	也有办法，帮助那成神的人开启神奇的第3个宝石洞
224	225	0	101	0	口！
225	226	0	102	0	请将我将宝石嵌入装备。 235
226	227	0	102	0	宝石融合。 8400
227	228	0	102	0	没什么事，我只是路过。 0
228	229	0	104	0	0 0 53
229	0	0	0	0	0

235	236	0	101	0	    可以注入的宝石有战斗力宝石、加伤害宝石、减伤
236	237	0	101	0	害宝石、加耐久宝石和加经验宝石。
237	238	0	102	0	可以开始了 240
238	228	0	102	0	我还没准备好 0


240	241	0	2001	47	0


//2016.1.23 23:18
8400	8401	0	101	0	    勇士们一直为了获得更强大的力量不断努力，因
8401	8402	0	101	0	此我们也有必要利用掌握的魔法为各位服务。你只需
8402	8403	0	101	0	凑齐10颗初级的宝石，便可融合为一颗中级宝石，但
8403	8404	0	101	0	是30颗中级宝石才能融合出一颗高级的宝石。
8404	8405	0	104	0	0 0 53
8405	8406	0	102	0	高级战斗力宝石。 8420
8406	8407	0	102	0	加伤害宝石。 8430
8407	8408	0	102	0	减伤害宝石。 8440
8408	8409	0	102	0	加耐久宝石。 8450
8409	8410	0	102	0	加经验宝石。 8460
8410	0	0	0	0	0

8420	8421	8422	506	0	1038160 30
8421	8423	0	501	0	1038170 50 1
8423	229	0	2009	0	恭喜阁下合成高级战斗力宝石。

8422	229	0	2009	0	没有足够的宝石。

8430	8431	8422	506	0	1038190 30
8431	8433	0	501	0	1038200 50 1
8433	229	0	2009	0	恭喜阁下合成高级加伤害宝石。

8440	8441	8422	506	0	1038220 30
8441	8443	0	501	0	1038230 50 1
8443	229	0	2009	0	恭喜阁下合成高级减伤害宝石。

8450	8451	8422	506	0	1038250 30
8451	8453	0	501	0	1038260 50 1
8453	229	0	2009	0	恭喜阁下合成高级加耐久宝石。

8460	8461	8422	506	0	1038280 30
8461	8463	0	501	0	1038290 50 1
8463	229	0	2009	0	恭喜阁下合成高级加经验宝石。