6900	6901	0	101	0	    小婊砸我去年买了个表
6901	6902	0	104	0	0 0 70
6902	6903	0	102	0	等级提升。 6910
6903	6904	0	102	0	神等级提升。 6950
6904	6905	0	102	0	装备五行属性提升。 7000
6905	6906	0	102	0	没什么事。 0
6906	0	0	0	0	0

6914	6906	0	102	0	返回上一页。 6900

6923	6906	0	2009	0	魔石不够哦，你这个穷鬼走开。

6924	6906	0	2009	0	等级不够，无法提升。
6926	6906	0	2009	0	等级超出，无法提升。
6910	6911	0	101	0	........
6911	6912	0	102	0	126-150级提升[一级100000魔石]。 6920
6912	6913	0	102	0	151-200级提升[一级500000魔石]。 6930
6913	6914	0	102	0	201-250级提升[一级1000000魔石]。 6940

6920	6921	6923	1505	0	gamegold >= 100000
6921	6922	6924	1505	0	level >= 125
6922	6925	6926	1505	0	level < 150
6925	6927	0	1503	0	gamegold - 100000
6927	6928	0	1503	0	level + 1
6928	6906	0	2009	0	等级提升成功!

6930	6931	6923	1505	0	gamegold >= 500000
6931	6932	6924	1505	0	level >= 150
6932	6935	6926	1505	0	level < 200
6935	6937	0	1503	0	gamegold - 500000
6937	6938	0	1503	0	level + 1
6938	6906	0	2009	0	等级提升成功!

6940	6941	6923	1505	0	gamegold >= 1000000
6941	6942	6924	1505	0	level >= 200
6942	6945	6926	1505	0	level < 250
6945	6947	0	1503	0	gamegold - 1000000
6947	6948	0	1503	0	level + 1
6948	6906	0	2009	0	等级提升成功!

6950	6951	0	101	0	........
6951	6952	0	102	0	20-40级提升[一级100000魔石]。 6960
6952	6953	0	102	0	41-60级提升[一级500000魔石]。 6970
6953	6914	0	102	0	61-100级提升[一级10000000魔石]。 6980

6960	6961	6923	1505	0	gamegold >= 100000
6961	6962	6924	1505	0	godlevel >= 20
6962	6965	6926	1505	0	godlevel < 40
6965	6967	0	1503	0	gamegold - 100000
6967	6968	0	1503	0	godlevel + 1
6968	6906	0	2009	0	等级提升成功,需要重新登录游戏看效果!

6970	6971	6923	1505	0	gamegold >= 500000
6971	6972	6924	1505	0	godlevel >= 40
6972	6975	6926	1505	0	godlevel < 60
6975	6977	0	1503	0	gamegold - 500000
6977	6978	0	1503	0	godlevel + 1
6978	6906	0	2009	0	等级提升成功,需要重新登录游戏看效果!

6980	6981	6923	1505	0	gamegold >= 10000000
6981	6982	6924	1505	0	godlevel >= 60
6982	6985	6926	1505	0	godlevel < 100
6985	6987	0	1503	0	gamegold - 10000000
6987	6988	0	1503	0	godlevel + 1
6988	6906	0	2009	0	等级提升成功,需要重新登录游戏看效果!

7000	7001	0	101	0	    装备五行提升，提升一级100000魔石
7001	7002	0	104	0	0 0 70
7002	7003	0	102	0	头盔 7020
7003	7004	0	102	0	项链 7070
7004	7005	0	102	0	手镯 7150
7005	7006	0	102	0	武器 7210
7006	7007	0	102	0	衣服 7280
7007	7008	0	102	0	鞋子 7340
//法宝
7008	6906	0	102	0	没什么事 0

7340	7341	0	101	0	请选择要提升的属性。
7341	7342	0	104	0	0 0 70
7342	7343	0	102	0	地攻击 7350
7343	7344	0	102	0	水攻击 7360
7344	7345	0	102	0	火攻击 7370
7345	7026	0	102	0	风攻击 7380

7350	7351	7032	507	0	checkequip 8
7351	7353	7023	1505	0	gamegold >= 100000
7353	7354	7035	507	0	checkequippro 8 di_attack < 255
7354	7356	0	1503	0	gamegold - 100000
7356	7357	0	507	0	setequippro 8 di_attack + 1
7357	6906	0	2009	0	属性提升成功!地攻击+1。

7360	7361	7032	507	0	checkequip 8
7361	7363	7023	1505	0	gamegold >= 100000
7363	7364	7035	507	0	checkequippro 8 shui_attack < 255
7364	7366	0	1503	0	gamegold - 100000
7366	7367	0	507	0	setequippro 8 shui_attack + 1
7367	6906	0	2009	0	属性提升成功!水攻击+1。

7370	7371	7032	507	0	checkequip 8
7371	7373	7023	1505	0	gamegold >= 100000
7373	7374	7035	507	0	checkequippro 8 huo_attack < 255
7374	7376	0	1503	0	gamegold - 100000
7376	7377	0	507	0	setequippro 8 huo_attack + 1
7377	6906	0	2009	0	属性提升成功!火攻击+1。

7380	7381	7032	507	0	checkequip 8
7381	7383	7023	1505	0	gamegold >= 100000
7383	7384	7035	507	0	checkequippro 8 feng_attack < 255
7384	7386	0	1503	0	gamegold - 100000
7386	7387	0	507	0	setequippro 8 feng_attack + 1
7387	6906	0	2009	0	属性提升成功!风攻击+1。

7280	7281	0	101	0	请选择要提升的属性。
7281	7282	0	104	0	0 0 70
7282	7283	0	102	0	地攻击 7290
7283	7284	0	102	0	水攻击 7300
7284	7285	0	102	0	火攻击 7310
7285	7026	0	102	0	风攻击 7320


7290	7291	7032	507	0	checkequip 3
7291	7293	7023	1505	0	gamegold >= 100000
7293	7294	7035	507	0	checkequippro 3 di_attack < 255
7294	7296	0	1503	0	gamegold - 100000
7296	7297	0	507	0	setequippro 3 di_attack + 1
7297	6906	0	2009	0	属性提升成功!地攻击+1。

7300	7301	7032	507	0	checkequip 3
7301	7303	7023	1505	0	gamegold >= 100000
7303	7304	7035	507	0	checkequippro 3 shui_attack < 255
7304	7306	0	1503	0	gamegold - 100000
7306	7307	0	507	0	setequippro 3 shui_attack + 1
7307	6906	0	2009	0	属性提升成功!水攻击+1。

7310	7311	7032	507	0	checkequip 3
7311	7313	7023	1505	0	gamegold >= 100000
7313	7314	7035	507	0	checkequippro 3 huo_attack < 255
7314	7316	0	1503	0	gamegold - 100000
7316	7317	0	507	0	setequippro 3 huo_attack + 1
7317	6906	0	2009	0	属性提升成功!火攻击+1。

7320	7321	7032	507	0	checkequip 3
7321	7323	7023	1505	0	gamegold >= 100000
7323	7324	7035	507	0	checkequippro 3 feng_attack < 255
7324	7326	0	1503	0	gamegold - 100000
7326	7327	0	507	0	setequippro 3 feng_attack + 1
7327	6906	0	2009	0	属性提升成功!风攻击+1。

7210	7211	0	101	0	请选择要提升的属性。
7211	7212	0	104	0	0 0 70
7212	7213	0	102	0	地攻击 7220
7213	7214	0	102	0	水攻击 7230
7214	7215	0	102	0	火攻击 7240
7215	7026	0	102	0	风攻击 7250

7220	7221	7032	507	0	checkequip 4
7221	7223	7023	1505	0	gamegold >= 100000
7223	7224	7035	507	0	checkequippro 4 di_attack < 255
7224	7226	0	1503	0	gamegold - 100000
7226	7227	0	507	0	setequippro 4 di_attack + 1
7227	6906	0	2009	0	属性提升成功!地攻击+1。

7230	7231	7032	507	0	checkequip 4
7231	7233	7023	1505	0	gamegold >= 100000
7233	7234	7035	507	0	checkequippro 4 shui_attack < 255
7234	7236	0	1503	0	gamegold - 100000
7236	7237	0	507	0	setequippro 4 shui_attack + 1
7237	6906	0	2009	0	属性提升成功!水攻击+1。

7240	7241	7032	507	0	checkequip 4
7241	7243	7023	1505	0	gamegold >= 100000
7243	7244	7035	507	0	checkequippro 4 huo_attack < 255
7244	7246	0	1503	0	gamegold - 100000
7246	7247	0	507	0	setequippro 4 huo_attack + 1
7247	6906	0	2009	0	属性提升成功!火攻击+1。

7250	7251	7032	507	0	checkequip 4
7251	7253	7023	1505	0	gamegold >= 100000
7253	7254	7035	507	0	checkequippro 4 feng_attack < 255
7254	7256	0	1503	0	gamegold - 100000
7256	7257	0	507	0	setequippro 4 feng_attack + 1
7257	6906	0	2009	0	属性提升成功!风攻击+1。

7150	7151	0	101	0	请选择要提升的属性。
7151	7152	0	104	0	0 0 70
7152	7153	0	102	0	地攻击 7160
7153	7154	0	102	0	水攻击 7170
7154	7155	0	102	0	火攻击 7180
7155	7026	0	102	0	风攻击 7190

7160	7161	7032	507	0	checkequip 7
7161	7163	7023	1505	0	gamegold >= 100000
7163	7164	7035	507	0	checkequippro 7 di_attack < 255
7164	7166	0	1503	0	gamegold - 100000
7166	7167	0	507	0	setequippro 7 di_attack + 1
7167	6906	0	2009	0	属性提升成功!地攻击+1。

7170	7171	7032	507	0	checkequip 7
7171	7173	7023	1505	0	gamegold >= 100000
7173	7174	7035	507	0	checkequippro 7 shui_attack < 255
7174	7176	0	1503	0	gamegold - 100000
7176	7177	0	507	0	setequippro 7 shui_attack + 1
7177	6906	0	2009	0	属性提升成功!水攻击+1。

7180	7181	7032	507	0	checkequip 7
7181	7183	7023	1505	0	gamegold >= 100000
7183	7184	7035	507	0	checkequippro 7 huo_attack < 255
7184	7186	0	1503	0	gamegold - 100000
7186	7187	0	507	0	setequippro 7 huo_attack + 1
7187	6906	0	2009	0	属性提升成功!火攻击+1。

7190	7191	7032	507	0	checkequip 7
7191	7193	7023	1505	0	gamegold >= 100000
7193	7194	7035	507	0	checkequippro 7 feng_attack < 255
7194	7196	0	1503	0	gamegold - 100000
7196	7197	0	507	0	setequippro 7 feng_attack + 1
7197	6906	0	2009	0	属性提升成功!风攻击+1。

7070	7071	0	101	0	请选择要提升的属性。
7071	7072	0	104	0	0 0 70
7072	7073	0	102	0	地攻击 7080
7073	7074	0	102	0	水攻击 7090
7074	7075	0	102	0	火攻击 7110
7075	7026	0	102	0	风攻击 7120

7080	7081	7032	507	0	checkequip 2
7081	7083	7023	1505	0	gamegold >= 100000
7083	7084	7035	507	0	checkequippro 2 di_attack < 255
7084	7086	0	1503	0	gamegold - 100000
7086	7087	0	507	0	setequippro 2 di_attack + 1
7087	6906	0	2009	0	属性提升成功!地攻击+1。

7090	7091	7032	507	0	checkequip 2
7091	7093	7023	1505	0	gamegold >= 100000
7093	7094	7035	507	0	checkequippro 2 shui_attack < 255
7094	7096	0	1503	0	gamegold - 100000
7096	7097	0	507	0	setequippro 2 shui_attack + 1
7097	6906	0	2009	0	属性提升成功!水攻击+1。

7110	7111	7032	507	0	checkequip 2
7111	7113	7023	1505	0	gamegold >= 100000
7113	7114	7035	507	0	checkequippro 2 huo_attack < 255
7114	7116	0	1503	0	gamegold - 100000
7116	7117	0	507	0	setequippro 2 huo_attack + 1
7117	6906	0	2009	0	属性提升成功!火攻击+1。

7120	7121	7032	507	0	checkequip 2
7121	7123	7023	1505	0	gamegold >= 100000
7123	7124	7035	507	0	checkequippro 2 feng_attack < 255
7124	7126	0	1503	0	gamegold - 100000
7126	7127	0	507	0	setequippro 2 feng_attack + 1
7127	6906	0	2009	0	属性提升成功!风攻击+1。

7020	7021	0	101	0	请选择要提升的属性。
7021	7022	0	104	0	0 0 70
7022	7023	0	102	0	地攻击 7030
7023	7024	0	102	0	水攻击 7040
7024	7025	0	102	0	火攻击 7050
7025	7026	0	102	0	风攻击 7060


7026	6906	0	102	0	返回上一页 7000
7035	6906	0	2009	0	属性已经超出255级，无法再次提升。
7032	6906	0	2009	0	请先把装备穿戴到指定位置。

7030	7031	7032	507	0	checkequip 1
7031	7033	7023	1505	0	gamegold >= 100000
7033	7034	7035	507	0	checkequippro 1 di_attack < 255
7034	7036	0	1503	0	gamegold - 100000
7036	7037	0	507	0	setequippro 1 di_attack + 1
7037	6906	0	2009	0	属性提升成功!地攻击+1。

7040	7041	7032	507	0	checkequip 1
7041	7043	7023	1505	0	gamegold >= 100000
7043	7044	7035	507	0	checkequippro 1 shui_attack < 255
7044	7046	0	1503	0	gamegold - 100000
7046	7047	0	507	0	setequippro 1 shui_attack + 1
7047	6906	0	2009	0	属性提升成功!水攻击+1。

7050	7051	7032	507	0	checkequip 1
7051	7053	7023	1505	0	gamegold >= 100000
7053	7054	7035	507	0	checkequippro 1 huo_attack < 255
7054	7056	0	1503	0	gamegold - 100000
7056	7057	0	507	0	setequippro 1 huo_attack + 1
7057	6906	0	2009	0	属性提升成功!火攻击+1。

7060	7061	7032	507	0	checkequip 1
7061	7063	6923	1505	0	gamegold >= 100000
7063	7064	7035	507	0	checkequippro 1 feng_attack < 255
7064	7066	0	1503	0	gamegold - 100000
7066	7067	0	507	0	setequippro 1 feng_attack + 1
7067	6906	0	2009	0	属性提升成功!风攻击+1。