9300	9301	0	101	0	    回收出售各种东西
9301	9302	0	102	0	高级宝石购买 9310
9302	9303	0	102	0	灵魂/幻魔/魔魂换取魔石 9400
9303	9304	0	102	0	290魔石购买19星XO一个 0
9304	9305	0	102	0	1398魔石购买25星XO一个 0
9305	9306	0	102	0	没什么事 0
9306	0	0	0	0	0


9310	9311	0	101	0	.....
9311	9313	0	102	0	2200魔石购买高级战斗力宝石 9320
9313	9314	0	102	0	2100魔石购买攻击攻击力宝石 9330
9314	9315	0	102	0	1500魔石购买高级减伤害宝石 9340
9315	9316	0	102	0	1500魔石购买高级耐久宝石 9350
9316	9317	0	102	0	1500魔石购买高级升级经验宝石 9360
9317	9306	0	102	0	返回上一页 9300

9307	9306	0	2009	0	穷鬼走开

9320	9321	9307	1505	0	gamegold >= 2200
9321	9322	0	1503	0	gamegold - 2200
9322	9323	0	501	0	1038170 50 1
9323	9306	0	2009	0	购买成功

9330	9331	9307	1505	0	gamegold >= 2100
9331	9332	0	1503	0	gamegold - 2100
9332	9333	0	501	0	1038200 50 1
9333	9306	0	2009	0	购买成功

9340	9341	9307	1505	0	gamegold >= 1500
9341	9342	0	1503	0	gamegold - 1500
9342	9343	0	501	0	1038230 50 1
9343	9306	0	2009	0	购买成功

9350	9351	9307	1505	0	gamegold >= 1500
9351	9352	0	1503	0	gamegold - 1500
9352	9353	0	501	0	1038260 50 1
9353	9306	0	2009	0	购买成功

9360	9361	9307	1505	0	gamegold >= 1500
9361	9362	0	1503	0	gamegold - 1500
9362	9363	0	501	0	1038290 50 1
9363	9306	0	2009	0	购买成功

9400	9401	0	101	0	.....
9401	9402	0	102	0	一颗灵魂晶石换取88魔石 9410
9402	9403	0	102	0	一颗幻魔晶石换取15魔石 9420
9403	9306	0	102	0	一颗魔魂晶石换取6魔石 9430

9405	9306	0	2009	0	你并没有宝石！

9410	9411	9405	506	0	1037160 1
9411	9412	0	1503	0	gamegold + 88
9412	9306	0	2009	0	得到88魔石


9420	9421	9405	506	0	1037170 1
9421	9422	0	1503	0	gamegold + 15
9422	9306	0	2009	0	得到15魔石

9430	9431	9405	506	0	1037150 1
9431	9432	0	1503	0	gamegold + 6
9432	9306	0	2009	0	得到6魔石
