8600	8601	0	101	0	    你确定要锻造目前装备的这把武器吗？3颗非赠
8601	8602	0	101	0	的灵魂晶石可锻造第一个镶嵌宝石的凹槽，如果是第
8602	8603	0	101	0	二个宝石凹槽则需要10颗，第三个宝石凹槽需要15颗
8603	8604	0	101	0	灵魂王
8604	8605	0	104	0	0 0 54
8605	8606	0	102	0	我确定。 8610
8606	8607	0	102	0	我再考虑考虑。 0
8607	0	0	0	0	0

8610	8611	8620	507	0	checkequippro 4 hole = 0
8611	8612	8615	506	0	1037160 3
8612	8613	0	507	0	setequippro 4 hole = 0
8613	8607	0	2009	0	恭喜阁下打洞成功。

8615	8607	0	2009	0	灵魂晶石不够，打洞失败。


8620	8621	8630	507	0	checkequippro 4 hole = 1
8621	8622	8615	506	0	1037160 10
8622	8623	0	507	0	setequippro 4 hole = 1
8623	8607	0	2009	0	恭喜阁下打洞成功。

8630	8631	8640	507	0	checkequippro 4 hole = 2
8631	8632	8635	506	0	1037169 15
8632	8633	0	507	0	setequippro 4 hole = 2
8633	8607	0	2009	0	恭喜阁下打洞成功。

8635	8607	0	2009	0	灵魂王不够，打洞失败。

8640	8607	0	2009	0	阁下的武器已经打过三洞了！