7500	7501	0	101	0	    这是为爱侣遮风避雨的“爱情港湾”。男士的
7501	7502	0	101	0	豪情在此靠岸，女士的柔情在此停泊。爱的小屋内
7502	7503	0	101	0	温情处处，甜蜜满溢，令人驻足忘返。沉醉在爱河
7503	7504	0	101	0	中的人们若有兴趣，不妨组队前来。
7504	7505	0	104	0	0 0 69
7505	7506	0	102	0	进入爱的小屋。 7520
7506	7507	0	102	0	那么，说说爱的小屋吧。 7510 
7507	7508	0	102	0	我们待会再聊。 0
7508	0	0	0	0	0

7510	7511	0	101	0	    已婚的爱侣在可爱的小屋享受温馨与甜蜜。若你
7511	7512	0	101	0	们无暇来次，也可在自己的城堡内品尝甜美爱意。不
7512	7513	0	101	0	过需要提醒你的是，在爱的小屋共度美妙时光，可是
7513	7514	0	101	0	有可能怀上可爱的小宝宝哦。
7514	7515	0	102	0	知道了。 0
7515	0	0	0	0	0

7520	7508	0	1002	0	2048 43 48
