5670	5671	0	101	0	    你要点什么?
5671	5672	0	104	0	0 0 70
5672	5673	0	102	0	10魔石打年道具。 5690
5673	5674	0	102	0	50魔石打年道具。 5710
5674	5675	0	102	0	100魔石打年道具。 5720
5675	5676	0	102	0	200魔石打年道具。 5730
5676	5677	0	102	0	500魔石打年道具。 5740
5677	5678	0	102	0	1000魔石打年道具。 5750
5678	5679	0	102	0	2000魔石打年道具。 5760
5679	5680	0	102	0	5000魔石打年道具。 5770
5680	5681	0	102	0	我什么都不要，别坑我的钱！ 0
5681	0	0	0	0	0

5700	5701	0	101	0	魔石不够哦，你这个穷鬼走开。
5701	5702	0	102	0	...... 0
5702	0	0	0	0	0


5690	5691	5700	1505	0	gamegold >= 10
5691	5692	0	1503	0	gamegold - 10
5692	5693	0	501	0	729644 50 1
5693	0	0	0	0	0

5710	5711	5700	1505	0	gamegold >= 50
5711	5712	0	1503	0	gamegold - 50
5712	5693	0	501	0	729645 50 1

5720	5721	5700	1505	0	gamegold >= 100
5721	5722	0	1503	0	gamegold - 100
5722	5693	0	501	0	729646 50 1

5730	5731	5700	1505	0	gamegold >= 200
5731	5732	0	1503	0	gamegold - 200
5732	5693	0	501	0	729647 50 1

5740	5741	5700	1505	0	gamegold >= 500
5741	5742	0	1503	0	gamegold - 500
5742	5693	0	501	0	729648 50 1

5750	5751	5700	1505	0	gamegold >= 1000
5751	5752	0	1503	0	gamegold - 1000
5752	5693	0	501	0	729649 50 1


5760	5761	5700	1505	0	gamegold >= 2000
5761	5762	0	1503	0	gamegold - 2000
5762	5693	0	501	0	729650 50 1

5770	5771	5700	1505	0	gamegold >= 5000
5771	5772	0	1503	0	gamegold - 5000
5772	5693	0	501	0	729651 50 1