720	721	0	101	0	    嗨，朋友，如果你对自己有绝对的信心，如
721	722	0	101	0	果你想获得一个展现实力的绝佳机会，不妨参加
722	723	0	101	0	王国举办的PK大赛，一旦你能够在比赛中脱颖而
723	724	0	101	0	出，将获得相当丰厚的奖励。
724	725	0	104	0	0 0 12
725	726	0	102	0	请详细介绍情况。 730
726	727	0	102	0	到时候我会参加的。 0
727	0	0	0	0	0

730	731	0	101	0	    PK赛分为周赛与月赛两种形式，每周六和每
731	732	0	101	0	月的第一天是比赛的时间，当月赛的时间与周赛
732	733	0	101	0	重叠时，将会取消周赛进行月赛。在比赛当日的
733	734	0	101	0	21:00-21:05时之间可以到卡诺萨城向普拉尼亚
734	735	0	101	0	公爵(164，389)报名参赛。
735	736	0	104	0	0 0 12
736	737	0	102	0	介绍周赛。 740
737	738	0	102	0	介绍月赛。 750
738	727	0	102	0	返回上一页。 720

740	741	0	101	0	    各个阶段的玩家在PK周赛即将开始的时候，都将
741	742	0	101	0	收到我们发出的邀请函。只要各位应允邀请进入PK场
742	743	0	101	0	地，都将获得经验奖励！而且还包括携带的幻兽哦！
743	744	0	101	0	同时周赛的其他奖励也进行了全面提升，每晋级下一
744	745	0	101	0	张比赛地图时你和幻兽可以同时获得经验。
745	746	0	104	0	0 0 12
746	727	0	102	0	嗯，真不错。 0

750	751	0	101	0	    相对周赛而言，月赛的奖励要丰厚的多，当
751	752	0	101	0	然竞争也更激烈得多。不过大家仍然可以根据自
752	753	0	101	0	身的情况情况参加级别合适的比赛。
753	754	0	104	0	0 0 12
754	727	0	102	0	好的，我明白了。 0