680	681	0	101	0	    四海圣剑是开过之君阿格里斯的佩剑，阿格里斯
681	682	0	101	0	遁去后，圣剑作为镇国神器供奉在圣剑教堂。曾经有
682	683	0	101	0	很多英雄试图拔出它，但都失败了。最近，一直沉睡
683	684	0	101	0	的圣剑剑灵突然暴动--我想只有拥有阿格里斯那般威
684	685	0	101	0	能的勇士才能安抚四海剑灵。
685	686	0	104	0	0 0 6
686	687	0	102	0	了解更多圣剑与阿格里斯的事。 630
687	628	0	102	0	我得先去忙别的，牧师。 0
628	0	0	0	0	0

630	631	0	101	0	    四海剑灵是一柄拥有剑灵的圣器，许多年来，剑
631	632	0	101	0	灵一直沉睡在圣剑中。但是不久之前，就是议和派气
632	633	0	101	0	焰最盛的时候，它突然苏醒，并且暴动攻击所有靠近
633	634	0	101	0	者。女王的政敌认为这是女王施政无道的证明，并借
634	635	0	101	0	此攻击女王的声望。但实际上。。。。
635	636	0	104	0	0 0 6
636	628	0	102	0	实际上是什么？ 640

640	641	0	101	0	    实际上我和赫丽陛下都知道，是魔族对卡诺萨
641	642	0	101	0	的侵蚀和破坏，激怒了剑灵。作为守护亚特大陆的
642	643	0	101	0	圣器，剑灵的苏醒，意味着乱世降临，唯有堪比阿
643	644	0	101	0	格里斯威能的勇士才可能安抚剑灵--所以剑灵的苏
644	645	0	101	0	醒，同事也预示着，一位盖世英雄的诞生。
645	646	0	104	0	0 0 6
646	628	0	102	0	我明白了。。。。。 0