2050	2051	0	101	0	   很乐意为你服务，尊敬的冒险者。这片神奇的土
2051	2052	0	101	0	地赋予了我特殊的魔法能力,我可以随时送你去任何
2052	2053	0	101	0	你想去的地方-友情提示，出发前请看管好你的随身
2053	2054	0	101	0	行李物品哦。现在告诉我你想去哪？
2054	2055	0	102	0	前往雷鸣交易行。 2080
2055	2056	0	102	0	前往树心城。 2081
2056	2057	0	102	0	前往隐雾沼泽。(适合等级15~35) 2082
2057	2058	0	102	0	前往砺风戈壁。(适合等级35~55) 2083
2058	2059	0	102	0	前往迷梦沼泽。(适合等级55~70) 2084
2059	2060	0	102	0	前往亚维特岛。(适合等级70~85) 2085
2060	2061	0	102	0	前往雪狼冰原。(适合等级75~95) 2086
2061	2062	0	102	0	前往高级冒险区。 2074
2062	2063	0	104	0	0 0 120
2063	0	0	0	0	0

2074	2064	0	101	0	    世界那么大，确实应该多出去走走。每个冒险者
2064	2065	0	101	0	都应该有这样的勇气与决心。不过你接下来要去的地
2065	2091	0	101	0	方可能充满了危险。在那之前，一定要做好充足的准
2091	2066	0	101	0	备，比如尽量提升自己的战斗力。现在，告诉我你想
2066	2067	0	101	0	去哪里吧？
2067	2068	0	102	0	前往自然女神之怒。(适合等级85~100) 2088
2068	2069	0	102	0	前往失落高地。(适合等级100~120) 2089
2069	2070	0	102	0	前往创圣幻界。(需等级达到70级) 2090
2070	2071	0	102	0	前往神之大陆主城。 2091
2071	2072	0	102	0	上一页。 2050
2072	2073	0	102	0	哪都不想去。 0
2073	2062	0	0	0	0

//雷鸣交易行
2080	2063	0	1002	0	1000 225 640
//树心城
2081	2063	0	1002	0	2000 244 225
//隐雾沼泽
2082	2063	0	1002	0	2010 509 35
//砺风戈壁
2083	2063	0	1002	0	3000 176 406
//迷梦沼泽
2084	2063	0	1002	0	7000 445 513
//亚维特岛
2085	2063	0	1002	0	5000 911 1010
//雪狼冰原
2086	2063	0	1002	0	4000 355 324
//自然女神之怒
2088	2063	0	1002	0	6000 1024 322
//失落高地
2089	2063	0	1002	0	5100 890 429
//创圣幻界
2090	2063	0	1002	0	40000 109 300