//400	406	0	101	0	军团将在下一个版本开放！！
400	401	0	101	0	   你好,我是骑士团管理员阿历克斯，承蒙女王圣
401	402	0	1010	0	恩,赐予我管理所有军团的权利。如果你已经是卡诺
402	403	0	101	0	萨的英雄人物，并自信拥有卓越的领导力，可以在这
403	404	0	101	0	里创建一支精锐的骑军团！作为领袖，军团一旦成
404	405	0	101	0	立，你将一直忠于军团成员，不得解散。
405	406	0	102	0	光荣在召唤，我要创建军团。 410
406	407	0	102	0	没什么兴趣。 0
407	408	0	104	0	0 0 8
408	0	0	0	0	0

410	411	0	101	0	   很好，我非常欣赏你这样的强者，你具有创建军团
411	412	0	101	0	的能力，现在告诉我你要创建军团的名字吧。
412	413	0	103	0	15 420 军团想叫……
413	414	0	104	0	0 0 8
414	0	0	0	0	0

420	421	440	2601	0	50 500000 250000
421	0	0	0	0	0


441	442	0	101	0	   创建军团失败。
442	443	0	104	0	0 0 8
443	444	0	102	0	好吧。
444	0	0	0	0	0