3060	3061	0	101	0	    你……好……我、是仓……库管理……员，有
3061	3062	0	101	0	需……需要达曼为……你服务吗？
3062	3063	0	104	0	0 0 86
3063	3064	0	102	0	终于找到你了，我有东西要放在你这里。 3068
3064	3065	0	102	0	别紧张呀，我们聊聊天。 3070
3065	3066	0	102	0	和你说话我也紧张，还是算了吧。 0
3066	0	0	0	0	0

3068	3066	0	2001	3	0

3070	3071	0	101	0	    太……太好了！除了哈姆和迪特，从……从来没
3071	3072	0	101	0	有……没有人肯陪……陪达曼聊天……
3072	3073	0	104	0	0 0 86
3073	3074	0	102	0	口吃的原因 3080
3074	3075	0	102	0	达曼的出身 3110
3075	3076	0	102	0	达曼的工作 3130
3076	3066	0	102	0	达曼的朋友 3150

3080	3081	0	101	0	    真……真抱歉！跟陌生人交……交谈时，我都会
3081	3082	0	101	0	不由自主的紧张。讲……讲话都……都一停一顿的。
3082	3083	0	104	0	0 0 86
3083	3066	0	102	0	你认为我们现在还很陌生？ 3085

3085	3086	0	101	0	    不……不是！当然不是了！所以我现在自……自
3086	3088	0	101	0	然了许多，呵呵呵……
3088	3089	0	104	0	0 0 86
3089	3066	0	102	0	哈，真是个老实的家伙。 3090

3090	3091	0	101	0	    他……他们都叫我木头疙瘩，这……这在人……
3091	3092	0	101	0	类的语言里，应……应该是非常优……优秀的意思吧
3092	3093	0	101	0	哈姆和迪特是这么告诉我的。
3093	3094	0	104	0	0 0 86
3094	3066	0	102	0	……是，也许是吧。 3100

3100	3101	0	101	0	    你……你怎……怎么也口吃了？
3101	3102	0	104	0	0 0 86
3102	3103	0	102	0	没、没什么……说别的吧。 3070
3103	3066	0	102	0	哎……(赶快闪)。 0

3110	3111	0	101	0	    这、这真是个好地方，达曼很喜欢绿色的叶子，
3111	3112	0	101	0	还有。。。还有一年四季温暖的阳光。
3112	3113	0	104	0	0 0 86
3113	3066	0	102	0	嘿，伙计，你说话流利多了。 3115

3115	3116	0	101	0	    呵呵，我……我们已经很熟了嘛。有……有空我
3116	3117	0	101	0	带你四处看看，我对城里的一草一木都……再熟悉
3117	3119	0	101	0	不过了只是……只是有时候，达曼偶……偶尔还会想
3119	3120	0	101	0	家。
3120	3121	0	104	0	0 0 86
3121	3066	0	102	0	你是怎么来到这儿的？ 3123

3123	3124	0	101	0	    研究所让我留在这儿，实在让……达曼非常……
3124	3125	0	101	0	非常感激，我……我出生的时候，他们说：这是个木
3125	3126	0	101	0	头疙瘩让他留……在这儿管理仓库吧。
3126	3127	0	104	0	0 0 86
3127	3128	0	102	0	不错啊，树心城还有什么让你喜欢的？ 3070
3128	3066	0	102	0	哎……只要你觉得开心就好。 0

3130	3131	0	101	0	    仓库管理一点儿也不累，恰恰相反，这……这是
3131	3132	0	101	0	个很轻松的工作。可……可是要跟许多陌生人打交道
3132	3133	0	101	0	达曼有些……有些很害怕。
3133	3134	0	104	0	0 0 86
3134	3066	0	102	0	放松些，没什么大不了的。 3135

3135	3136	0	101	0	    达曼知道，人们常常因……因为我的口……口吃
3136	3137	0	101	0	而没有耐心，耽误了大家的时间，达曼真的非……非
3137	3138	0	101	0	常内疚。
3138	3139	0	104	0	0 0 86
3139	3066	0	102	0	别这样伙计，沟通需要时间。 3140

3140	3141	0	101	0	    谢……谢谢你！达曼一定会更加努力工作的。
3141	3142	0	104	0	0 0 86
3142	3143	0	102	0	告诉我，树心城有哪些改变了你。 3070
3143	3066	0	102	0	能这样想最好，加油！ 0

3150	3151	0	101	0	    哈姆和迪特好……好些天没过来了，也……也许
3151	3152	0	101	0	最近的生意太忙吧，幸……幸好你陪我聊天，否……
3152	3153	0	101	0	否则达曼很寂寞。
3153	3154	0	104	0	0 0 86
3154	3066	0	102	0	他们有属于自己的生活，你也一样。 3160

3160	3161	0	101	0	    达曼明白，不……不过只有他们过来的时候，这
3161	3162	0	101	0	儿……这儿才稍微显得热闹一些。
3162	3164	0	104	0	0 0 86
3164	3066	0	102	0	哈，那两个捣蛋鬼。 3170

3170	3171	0	101	0	    不……不耽误你的时间了，达曼也……要管理仓
3171	3172	0	101	0	库了，再见。
3172	3173	0	104	0	0 0 86
3173	3174	0	102	0	再聊聊嘛~ 3070
3174	3066	0	102	0	好的，请保重！我的朋友。 0