5300	5301	0	101	0	    你要点什么？
5301	5302	0	104	0	0 0 70
5302	5303	0	102	0	一个特制经验值球(100MS) 5310
5303	5304	0	102	0	30颗魔魂晶石兑换魔魂之心。 5350
5304	5321	0	102	0	15颗幻魔晶石兑换幻魔之心。 5360
5321	5324	0	102	0	10颗灵魂晶石兑换灵魂王。 5370
5324	5325	0	102	0	战斗力+5宝石[10000MS]。 5380
5325	5326	0	102	0	攻击力+20%宝石[10000MS]。 5390
5326	5322	0	102	0	伤害-15%宝石[10000MS]。 5400



5322	5323	0	102	0	什么都不想买。 0
5323	0	0	0	0	0


5305	5306	0	101	0	魔石不够哦，你这个穷鬼走开。
5306	5304	0	102	0	...... 0
5310	5311	5305	1505	0	gamegold >= 100
5311	5312	0	1503	0	gamegold - 100
5312	5313	0	501	0	729032 50 1
5313	5514	0	2004	0	恭喜阁下获得一个特制经验值球。
5514	0	0	0	0	0


5350	5351	5354	506	0	1037150 30
5351	5352	0	501	0	1037159 50 1
5352	5353	0	2004	0	恭喜阁下获得一个魔魂之心。
5353	5300	0	0	0	0

5354	5323	0	2009	0	阁下的魔魂晶石不足30个

5360	5361	5364	506	0	1037170 15
5361	5362	0	501	0	1037179 50 1
5362	5363	0	2004	0	恭喜阁下获得一个幻魔之心。
5363	5300	0	0	0	0

5364	5323	0	2009	0	阁下的幻魔晶石不足15个


5370	5371	5374	506	0	1037160 10
5371	5372	0	501	0	1037169 50 1
5372	5373	0	2004	0	恭喜阁下获得一个灵魂王。
5373	5300	0	0	0	0

5374	5323	0	2009	0	阁下的灵魂晶石不足10个

5380	5381	5305	1505	0	gamegold >= 10000
5381	5382	0	1503	0	gamegold - 100
5382	5383	0	501	0	1038170 50 1
5383	5514	0	2004	0	恭喜阁下获得一个战斗力+5宝石

5390	5391	5305	1505	0	gamegold >= 10000
5391	5392	0	1503	0	gamegold - 100
5392	5393	0	501	0	1038200 50 1
5393	5514	0	2004	0	恭喜阁下获得一个攻击力+20%宝石

5400	5401	5305	1505	0	gamegold >= 10000
5401	5402	0	1503	0	gamegold - 100
5402	5403	0	501	0	1038230 50 1
5403	5514	0	2004	0	恭喜阁下获得一个攻击力+20%宝石
