4000	4001	4010	1507	0	1
4001	4002	0	126	0	  你兴高采烈地从袜子中取出一包精美的礼物，快看看那是什么。
4002	4004	0	501	0	743020 50 1
4004	4003	0	1508	0	1
4003	0	0	0	0	0


4010	4011	0	101	0	    将长筒袜挂在圣诞树上据说会带来好运，五分钟后
4011	4012	0	101	0	你将惊喜的发现袜子里塞满了各种精美的礼物。
4012	8320	0	102	0	我也要把圣诞袜挂到树上。 4020
8320	4013	0	102	0	我要领取十万魔石。 8321
4013	4014	0	102	0	我对圣诞礼物可没兴趣。 0
4014	0	0	0	0	0


4020	4021	4035	1506	0	1 300 0
4021	4022	4030	506	0	743010 1
4022	4023	0	126	0	  你许下美好的心愿后将长筒袜挂在了圣诞树上，五分钟后再来吧，看看自己今年将会有怎样的好运气。
4023	0	0	0	0	0

4030	4031	0	101	0	   你包裹里没有圣诞长筒袜哦。
4031	4032	0	102	0	找到了再来找你吧。 0
4032	4003	0	1508	0	1

4035	4003	0	126	0	 阁下上一次挂的袜子还没取出来，再等待[timeout,1]吧。

8321	8322	0	1503	0	gamegold + 100000
8322	0	0	0	0	0